0.6840000000000
0.3200000000000
0.26300000000000
0.69200000000000
0.14500000000000
0.0550000000000
0.297
0.3105
0.45454545454545
0
10
0
0
0
0
0
1
0
0
0
1
1
0
0
1
0
0
0
1
0
0
0
0
0
0
0
0
0
0
0
0
0
0
0
0
0
0
0
0.100000000000000
0.100000000000000
0.050000000000000
0
0.100000000000000
0.100000000000000
0.050000000000000
0
0
0
0
0
1
0
0
0
0.500000000000000
0.500000000000000
0.500000000000000
0.500000000000000
3
2500
6500
10000
0.87802262
0.22035174
-0.09837436
0
0.02085663
0.80322066
0.01700253
0
-0.00691779
-0.04971179
0.26336757
0
1
0
0
0
0
1
0
0
0
0
1
0
0.80571713
-0.04157272
0.02926461
0
-0.00404018
0.81985403
-0.00554317
0
0.00182215
0.01484294
0.98333491
0
0
0
0
0
2.40000000000000
0
-0.01
0
1.0000
420
151
1000
0.125
1.5
0.33333
1
0
0
2
1
0
1
0
0
0
0
0
0
0
0
0
0
0
0
0
0
0
0
0
0
0
0
0
0
0
0
0
0
0
0
0
0
0
0
0
0
0
0
0
0
0
0
0
0
0
0
0
0
0
0
0
0
0
0
0
0
0
0
0
0
0
0
0
0
0
0
0
0
0
2.4
0
1
0
0.4
1
0.4
1
0.2
0.2
0.3
2
1
1
3
1
0.4
1
0.6
0
0.680000000000
0.3200000000000
0.26500000000000
0.6900000000000
0.14500000000000
0.0550000000000
0.299
0.31
0.45454545454545
0
4
2.5
5
2.5
10
2
0.05
1.05
-0.2
1.55
0
1.5
0.1
0.1
90
265
0.35
0.143
-30
14
2
2
-0.5
0.7
1
1
0
0
0
0
0
0
0
0
0
0
0
0
0
0
0
0
0
0
0
0
0
0
0
0
0
0
0
0
0
0
0
0
0
0
0
0
0
0
0
0
0
0
0
0
0
0
0
0
0
0
0
0
0
0
0
0
0
0
0
0
0
0
0
0
0
0
0
0
0
0
0
0
0
0
0
0
0
0
0
0
0
0
0
0
0
0
0
0
0
0
0
0
0
0
0
0
0
0
0
0
0
0
0
0
0
0
0
0
0
0
0
0
0
0
0
0
0
0
0
0
0
0
0
0
0
0
0
0
0
0
0
0
0
0
0
0
0
0
0
0
0
0
0
0
0
0
0
0
125
10000
1
0
1
0
0
2
0
2
81
105
131
201
261
325
26
0.8
0.1
0.5
0.47
0.5
0.47
1
0
12
123
0
0.8
0.1
0.5
0.53
0.5
0.53
1
0
12
123
0
0.8
0.1
0.5
0.53
0.5
0.53
1
0
12
123
0
0.8
0.1
0.5
0.5
0.5
0.5
1
0
12
123
0
0.8
0.1
0.5
0.5
0.5
0.5
1
0
12
123
0
0.8
0.1
0.5
0.54
0.5
0.54
1
0
12
123
0
0.8
0.1
0.5
0.5
0.5
0.5
1
0
12
123
0
0.5
0
50
50
50
50
120
0.05
10
0
50
50
50
50
120
0.05
10
0
50
50
50
50
120
0.05
10
0
50
50
50
50
120
0.05
10
0
50
50
50
50
120
0.05
10
0
50
50
50
50
120
0.05
10
0
50
50
50
50
120
0.05
10
0.5
0
0
12
123
0
0
0
12
123
0
0
0
12
123
0
0
0
12
123
0
0
0
12
123
0
0
0
12
123
0
0
0
12
123
0
0.3
-10
0.7
0.12
0.96
120
30
40
1
0.7
0.12
0.96
330
3
20
2.2
2.2